<!DOCTYPE html>
<html>
<head>
    <meta charset="UTF-8">
    <title>Awesome-pyecharts</title>
                <script type="text/javascript" src="https://assets.pyecharts.org/assets/v5/echarts.min.js"></script>


</head>
<body >
    <div id="160c06e223d54757b4a18d3263af77ed" class="chart-container" style="width:900px; height:500px; "></div>
    <script>
        var chart_160c06e223d54757b4a18d3263af77ed = echarts.init(
            document.getElementById('160c06e223d54757b4a18d3263af77ed'), 'white', {renderer: 'canvas'});
        var option_160c06e223d54757b4a18d3263af77ed = {
    "animation": true,
    "animationThreshold": 2000,
    "animationDuration": 1000,
    "animationEasing": "cubicOut",
    "animationDelay": 0,
    "animationDurationUpdate": 300,
    "animationEasingUpdate": "cubicOut",
    "animationDelayUpdate": 0,
    "aria": {
        "enabled": false
    },
    "color": [
        "#5470c6",
        "#91cc75",
        "#fac858",
        "#ee6666",
        "#73c0de",
        "#3ba272",
        "#fc8452",
        "#9a60b4",
        "#ea7ccc"
    ],
    "series": [
        {
            "type": "heatmap",
            "name": "Correlation",
            "data": [
                [
                    1.0,
                    -0.0031111569609490095,
                    -0.00015493999667205558,
                    0.002118498431582588,
                    -0.010440672021289536,
                    0.02124825975228773,
                    0.012057749580022802,
                    -0.022435465971788034,
                    -0.0026535331952471978,
                    0.01493803943175878,
                    0.009825655426025348,
                    -0.001275818530008047,
                    -0.013441118232611089,
                    -0.013732043062226185,
                    0.011310152084147682,
                    -0.008753477034677232,
                    -0.0071491489604374025,
                    -0.0035949772839273023,
                    0.0057688517274770154
                ],
                [
                    -0.0031111569609490095,
                    1.0,
                    -0.007885410266163566,
                    -0.0007967285878152965,
                    -0.023491854950654714,
                    0.012088296830748317,
                    0.002597518243547661,
                    -0.1139340495653219,
                    -0.006702145933046825,
                    -0.007138013040391996,
                    -0.015353966745557496,
                    0.014111728821376388,
                    0.01505412627242668,
                    0.010162040766722747,
                    0.021476591076015863,
                    0.02761202445611268,
                    0.0339691773036021,
                    0.0397330183745972,
                    0.01577892814542303
                ],
                [
                    -0.00015493999667205558,
                    -0.007885410266163566,
                    1.0,
                    0.005885128417187848,
                    -0.15648235584313322,
                    -0.05035815320200887,
                    0.033122902019348824,
                    -0.22036093119734207,
                    -0.002193820779411098,
                    0.003947044896730147,
                    0.006931657239468508,
                    -0.1295488569231552,
                    -0.07914076373457066,
                    -0.07908158722873104,
                    -0.0419542981319643,
                    -0.0799561628400683,
                    -0.0696344025847975,
                    -0.026884525684594974,
                    -0.022547089984023622
                ],
                [
                    0.002118498431582588,
                    -0.0007967285878152965,
                    0.005885128417187848,
                    1.0,
                    -0.06325338726957341,
                    -0.0014280227737294537,
                    0.08267448547934604,
                    0.0022578554908479665,
                    0.0012502240025190415,
                    0.08578629171376495,
                    0.00034325351752997055,
                    -0.01339010345675333,
                    -0.0043601456643412185,
                    -0.004118773303723396,
                    -0.0034373099650821725,
                    -0.005615679461717339,
                    -0.005305652382286027,
                    0.0174421956400654,
                    -0.007577068479641278
                ],
                [
                    -0.010440672021289536,
                    -0.023491854950654714,
                    -0.15648235584313322,
                    -0.06325338726957341,
                    1.0,
                    0.016819487610663788,
                    -0.9508335997902968,
                    0.12842783509257596,
                    0.0881808423624053,
                    0.017762956040969575,
                    -0.003584499583679371,
                    0.02846135590039566,
                    0.051237591077893344,
                    0.05204559573510013,
                    0.01953655626404051,
                    0.05211896875136496,
                    0.06393345547979047,
                    -0.0017826786253434162,
                    0.11486182550558668
                ],
                [
                    0.02124825975228773,
                    0.012088296830748317,
                    -0.05035815320200887,
                    -0.0014280227737294537,
                    0.016819487610663788,
                    1.0,
                    -0.0008954448849911844,
                    -0.23118606332342384,
                    -0.009989117102606833,
                    -0.008029495468645686,
                    -0.0005305703269202671,
                    -0.03680101908745875,
                    0.0836625898563532,
                    0.08866583614395299,
                    0.03835977956851754,
                    0.04638108250770103,
                    0.0253958424767613,
                    0.03797260047234722,
                    -0.04927204014280317
                ],
                [
                    0.012057749580022802,
                    0.002597518243547661,
                    0.033122902019348824,
                    0.08267448547934604,
                    -0.9508335997902968,
                    -0.0008954448849911844,
                    1.0,
                    -0.07003449495015529,
                    -0.07223441845299142,
                    -0.018905516079764328,
                    0.0038393147938121956,
                    -0.012281511596052386,
                    -0.0040812788088846795,
                    -0.007201191190497466,
                    0.006667700487889994,
                    -0.001476482134355508,
                    -0.04057359008315041,
                    0.043743819036452546,
                    -0.12461360970978422
                ],
                [
                    -0.022435465971788034,
                    -0.1139340495653219,
                    -0.22036093119734207,
                    0.0022578554908479665,
                    0.12842783509257596,
                    -0.23118606332342384,
                    -0.07003449495015529,
                    1.0,
                    0.01181497972229285,
                    0.009142558911836282,
                    -0.0031840957740717855,
                    -0.17704056336381618,
                    0.018376924014495404,
                    0.02448022745163202,
                    0.03899487886240199,
                    -0.010453323056662673,
                    0.016879055448178776,
                    -0.04677794821986064,
                    0.011199825086663588
                ],
                [
                    -0.0026535331952471978,
                    -0.006702145933046825,
                    -0.002193820779411098,
                    0.0012502240025190415,
                    0.0881808423624053,
                    -0.009989117102606833,
                    -0.07223441845299142,
                    0.01181497972229285,
                    1.0,
                    0.001739331557471883,
                    0.001098672698099839,
                    -0.006660938657526296,
                    0.0003032782211384433,
                    -0.0006204931973045294,
                    0.0022959465610204455,
                    0.0016800437848908435,
                    -0.005966612509769527,
                    0.009256070932125498,
                    -0.0016361895820637088
                ],
                [
                    0.01493803943175878,
                    -0.007138013040391996,
                    0.003947044896730147,
                    0.08578629171376495,
                    0.017762956040969575,
                    -0.008029495468645686,
                    -0.018905516079764328,
                    0.009142558911836282,
                    0.001739331557471883,
                    1.0,
                    0.027026515741195557,
                    0.0042806848563290536,
                    -0.002523559365442309,
                    -0.002765663373528694,
                    0.00013900954155473012,
                    0.00042489819330773445,
                    0.0031063814872331467,
                    0.00011731369731595789,
                    0.0004367985201523218
                ],
                [
                    0.009825655426025348,
                    -0.015353966745557496,
                    0.006931657239468508,
                    0.00034325351752997055,
                    -0.003584499583679371,
                    -0.0005305703269202671,
                    0.0038393147938121956,
                    -0.0031840957740717855,
                    0.001098672698099839,
                    0.027026515741195557,
                    1.0,
                    0.014921956020099533,
                    0.0033255687093804985,
                    0.0030708170073055164,
                    0.0022179311011087666,
                    0.001146765976475757,
                    -0.002002194321346729,
                    0.005212299233533453,
                    0.0018330403058502743
                ],
                [
                    -0.001275818530008047,
                    0.014111728821376388,
                    -0.1295488569231552,
                    -0.01339010345675333,
                    0.02846135590039566,
                    -0.03680101908745875,
                    -0.012281511596052386,
                    -0.17704056336381618,
                    -0.006660938657526296,
                    0.0042806848563290536,
                    0.014921956020099533,
                    1.0,
                    -0.08520481340613788,
                    -0.08139882932629917,
                    -0.09372949840729108,
                    -0.07923836053684784,
                    -0.029670706325502977,
                    -0.08437150551989227,
                    0.48995842483497165
                ],
                [
                    -0.013441118232611089,
                    0.01505412627242668,
                    -0.07914076373457066,
                    -0.0043601456643412185,
                    0.051237591077893344,
                    0.0836625898563532,
                    -0.0040812788088846795,
                    0.018376924014495404,
                    0.0003032782211384433,
                    -0.002523559365442309,
                    0.0033255687093804985,
                    -0.08520481340613788,
                    1.0,
                    0.9958085266066327,
                    0.5236276987358788,
                    0.8853806220938181,
                    0.4992435460926466,
                    0.7827263151797681,
                    -0.011069417809264867
                ],
                [
                    -0.013732043062226185,
                    0.010162040766722747,
                    -0.07908158722873104,
                    -0.004118773303723396,
                    0.05204559573510013,
                    0.08866583614395299,
                    -0.007201191190497466,
                    0.02448022745163202,
                    -0.0006204931973045294,
                    -0.002765663373528694,
                    0.0030708170073055164,
                    -0.08139882932629917,
                    0.9958085266066327,
                    1.0,
                    0.4929718803098066,
                    0.8496651969565946,
                    0.4962730673794878,
                    0.7377355345434052,
                    -0.010258376341650303
                ],
                [
                    0.011310152084147682,
                    0.021476591076015863,
                    -0.0419542981319643,
                    -0.0034373099650821725,
                    0.01953655626404051,
                    0.03835977956851754,
                    0.006667700487889994,
                    0.03899487886240199,
                    0.0022959465610204455,
                    0.00013900954155473012,
                    0.0022179311011087666,
                    -0.09372949840729108,
                    0.5236276987358788,
                    0.4929718803098066,
                    1.0,
                    0.4844643081586373,
                    0.24219918339017507,
                    0.5654399586557002,
                    -0.009325724925938047
                ],
                [
                    -0.008753477034677232,
                    0.02761202445611268,
                    -0.0799561628400683,
                    -0.005615679461717339,
                    0.05211896875136496,
                    0.04638108250770103,
                    -0.001476482134355508,
                    -0.010453323056662673,
                    0.0016800437848908435,
                    0.00042489819330773445,
                    0.001146765976475757,
                    -0.07923836053684784,
                    0.8853806220938181,
                    0.8496651969565946,
                    0.4844643081586373,
                    1.0,
                    0.5039413851480716,
                    0.772832208480809,
                    -0.010734628740699454
                ],
                [
                    -0.0071491489604374025,
                    0.0339691773036021,
                    -0.0696344025847975,
                    -0.005305652382286027,
                    0.06393345547979047,
                    0.0253958424767613,
                    -0.04057359008315041,
                    0.016879055448178776,
                    -0.005966612509769527,
                    0.0031063814872331467,
                    -0.002002194321346729,
                    -0.029670706325502977,
                    0.4992435460926466,
                    0.4962730673794878,
                    0.24219918339017507,
                    0.5039413851480716,
                    1.0,
                    0.23852393588533838,
                    0.0020132919816577004
                ],
                [
                    -0.0035949772839273023,
                    0.0397330183745972,
                    -0.026884525684594974,
                    0.0174421956400654,
                    -0.0017826786253434162,
                    0.03797260047234722,
                    0.043743819036452546,
                    -0.04677794821986064,
                    0.009256070932125498,
                    0.00011731369731595789,
                    0.005212299233533453,
                    -0.08437150551989227,
                    0.7827263151797681,
                    0.7377355345434052,
                    0.5654399586557002,
                    0.772832208480809,
                    0.23852393588533838,
                    1.0,
                    -0.014339867737006245
                ],
                [
                    0.0057688517274770154,
                    0.01577892814542303,
                    -0.022547089984023622,
                    -0.007577068479641278,
                    0.11486182550558668,
                    -0.04927204014280317,
                    -0.12461360970978422,
                    0.011199825086663588,
                    -0.0016361895820637088,
                    0.0004367985201523218,
                    0.0018330403058502743,
                    0.48995842483497165,
                    -0.011069417809264867,
                    -0.010258376341650303,
                    -0.009325724925938047,
                    -0.010734628740699454,
                    0.0020132919816577004,
                    -0.014339867737006245,
                    1.0
                ]
            ],
            "label": {
                "show": true,
                "position": "bottom",
                "color": "#fff",
                "margin": 8,
                "align": "50%"
            }
        }
    ],
    "legend": [
        {
            "data": [
                "Correlation"
            ],
            "selected": {},
            "show": true,
            "padding": 5,
            "itemGap": 10,
            "itemWidth": 25,
            "itemHeight": 14,
            "backgroundColor": "transparent",
            "borderColor": "#ccc",
            "borderWidth": 1,
            "borderRadius": 0,
            "pageButtonItemGap": 5,
            "pageButtonPosition": "end",
            "pageFormatter": "{current}/{total}",
            "pageIconColor": "#2f4554",
            "pageIconInactiveColor": "#aaa",
            "pageIconSize": 15,
            "animationDurationUpdate": 800,
            "selector": false,
            "selectorPosition": "auto",
            "selectorItemGap": 7,
            "selectorButtonGap": 10
        }
    ],
    "tooltip": {
        "show": true,
        "trigger": "item",
        "triggerOn": "mousemove|click",
        "axisPointer": {
            "type": "line"
        },
        "showContent": true,
        "alwaysShowContent": false,
        "showDelay": 0,
        "hideDelay": 100,
        "enterable": false,
        "confine": false,
        "appendToBody": false,
        "transitionDuration": 0.4,
        "textStyle": {
            "fontSize": 14
        },
        "borderWidth": 0,
        "padding": 5,
        "order": "seriesAsc"
    },
    "xAxis": [
        {
            "type": "category",
            "show": true,
            "scale": false,
            "nameLocation": "end",
            "nameGap": 15,
            "gridIndex": 0,
            "axisLabel": {
                "show": true,
                "margin": 8,
                "interval": 0
            },
            "inverse": false,
            "offset": 0,
            "splitNumber": 5,
            "minInterval": 0,
            "splitLine": {
                "show": true,
                "lineStyle": {
                    "show": true,
                    "width": 1,
                    "opacity": 1,
                    "curveness": 0,
                    "type": "solid"
                }
            },
            "data": [
                "TICKER_SYMBOL",
                "END_DATE",
                "LDBL",
                "LXBZBS",
                "ZCFZL",
                "CHZZL",
                "ZCBCL",
                "CHZLDZCB",
                "CQZBSYL",
                "YYMLL",
                "YSL",
                "YSZKZZL",
                "YYSR",
                "YYCB",
                "YYSJJFJ",
                "YWFY",
                "ZCJZSS",
                "LRZE",
                "FLAG"
            ]
        }
    ],
    "yAxis": [
        {
            "type": "category",
            "show": true,
            "scale": false,
            "nameLocation": "end",
            "nameGap": 15,
            "gridIndex": 0,
            "axisLabel": {
                "show": true,
                "rotate": -45,
                "margin": 8,
                "interval": 0
            },
            "inverse": false,
            "offset": 0,
            "splitNumber": 5,
            "minInterval": 0,
            "splitLine": {
                "show": true,
                "lineStyle": {
                    "show": true,
                    "width": 1,
                    "opacity": 1,
                    "curveness": 0,
                    "type": "solid"
                }
            },
            "data": [
                "TICKER_SYMBOL",
                "END_DATE",
                "LDBL",
                "LXBZBS",
                "ZCFZL",
                "CHZZL",
                "ZCBCL",
                "CHZLDZCB",
                "CQZBSYL",
                "YYMLL",
                "YSL",
                "YSZKZZL",
                "YYSR",
                "YYCB",
                "YYSJJFJ",
                "YWFY",
                "ZCJZSS",
                "LRZE",
                "FLAG"
            ]
        }
    ],
    "title": [
        {
            "show": true,
            "target": "blank",
            "subtarget": "blank",
            "padding": 5,
            "itemGap": 10,
            "textAlign": "auto",
            "textVerticalAlign": "auto",
            "triggerEvent": false
        }
    ],
    "visualMap": {
        "show": true,
        "type": "continuous",
        "min": -1,
        "max": 1,
        "inRange": {
            "color": [
                "#50a3ba",
                "#eac763",
                "#d94e5d"
            ]
        },
        "calculable": true,
        "inverse": false,
        "splitNumber": 5,
        "hoverLink": true,
        "orient": "horizontal",
        "left": "center",
        "padding": 5,
        "showLabel": true,
        "itemWidth": 20,
        "itemHeight": 140,
        "borderWidth": 0
    }
};
        chart_160c06e223d54757b4a18d3263af77ed.setOption(option_160c06e223d54757b4a18d3263af77ed);
    </script>
</body>
</html>
